test_mission:
  wp1:
    x_m: 2.177008628845215
    y_m: 0.12823987007141113
    yaw_rad: 1.5261425971984866
  wp2:
    x_m: 3.0495729446411133
    y_m: 7.844379425048828
    yaw_rad: 1.5302125215530398
  wp3:
    x_m: -8.299072265625
    y_m: 9.138995170593262
    yaw_rad: -1.9359966516494749
